-5115000000000100.0,6.514783139265444e-26,1.1015208947985183e-29
-5105009765625100.0,6.846009237554582e-26,2.0514112554942773e-29
-5095019531250100.0,6.948334772820852e-26,3.2275035494173624e-29
-5085029296875099.0,6.771031984144685e-26,4.466578033976166e-29
-5075039062500099.0,8.173530893287436e-26,5.498806383778545e-29
-5065048828125099.0,7.325131306533673e-26,6.213089956190583e-29
-5055058593750099.0,8.490826216412143e-26,6.470054866924954e-29
-5045068359375099.0,9.787551156879776e-26,5.79757739215069e-29
-5035078125000098.0,9.915396762320143e-26,4.645634338953055e-29
-5025087890625098.0,1.2097320702958843e-25,3.1612448286329625e-29
-5015097656250098.0,1.3305204739710907e-25,1.6722439055110264e-29
-5005107421875098.0,1.6015425170614228e-25,6.95413185815017e-30
-4995117187500098.0,1.8723685810546132e-25,4.0950559210064996e-30
-4985126953125097.0,2.2003411993447746e-25,7.771444100792895e-30
-4975136718750097.0,2.4640085428103615e-25,1.6690887283308164e-29
-4965146484375097.0,2.392793049026192e-25,2.7727333000775526e-29
-4955156250000097.0,2.4017644457155205e-25,3.894034728736615e-29
-4945166015625097.0,2.2056051477627942e-25,5.0133945099001637e-29
-4935175781250096.0,1.9565956642790089e-25,5.905293320788515e-29
-4925185546875096.0,1.4875035725574787e-25,6.02687382607399e-29
-4915195312500096.0,1.0484841413096405e-25,5.771440996566551e-29
-4905205078125096.0,7.80878509246963e-26,4.936638757343144e-29
-4895214843750096.0,6.887142517255811e-26,3.943034782036478e-29
-4885224609375096.0,6.952691853624199e-26,2.8736382933600205e-29
-4875234375000095.0,9.781903908534048e-26,1.9639235868057447e-29
-4865244140625095.0,1.3064703743118668e-25,1.261377121812874e-29
-4855253906250095.0,1.8308860291411736e-25,7.005138027710046e-30
-4845263671875095.0,2.4995402674618606e-25,3.3446395022326396e-30
-4835273437500095.0,2.8562396973593334e-25,1.1894107822126226e-30
-4825283203125094.0,2.9671058345952185e-25,4.781306957702062e-31
-4815292968750094.0,3.047168251243253e-25,1.1674155566775087e-30
-4805302734375094.0,2.8881772499732663e-25,2.118822829479137e-30
-4795312500000094.0,2.9677396228384315e-25,2.966473314239262e-30
-4785322265625094.0,2.482320319595522e-25,3.169739536425834e-30
-4775332031250093.0,1.8565358236239775e-25,3.1485027669436553e-30
-4765341796875093.0,1.5265471350843336e-25,2.5787505799789043e-30
-4755351562500093.0,1.087203136026525e-25,2.4707464380409645e-30
-4745361328125093.0,7.469372917371923e-26,2.6242579431550026e-30
-4735371093750093.0,4.932755578702198e-26,4.0022209001272595e-30
-4725380859375092.0,5.0163849138454565e-26,5.413707614639242e-30
-4715390625000092.0,7.194483875501163e-26,6.985683629952263e-30
-4705400390625092.0,1.0274746294993816e-25,9.052931447831821e-30
-4695410156250092.0,1.114248050225442e-25,1.1345556852016176e-29
-4685419921875092.0,1.4045549205039496e-25,1.344989080070909e-29
-4675429687500091.0,1.3952561490202764e-25,1.6334109556007554e-29
-4665439453125091.0,1.522858150701052e-25,1.9664641775655605e-29
-4655449218750091.0,1.352254629280957e-25,2.3032793415529225e-29
-4645458984375091.0,1.0197059891994796e-25,2.6579333919053154e-29
-4635468750000091.0,8.284942439725546e-26,2.9454792506940214e-29
-4625478515625090.0,6.807264841905043e-26,3.068349131269487e-29
-4615488281250090.0,5.417715628955706e-26,2.978062522728108e-29
-4605498046875090.0,5.1360721026530086e-26,2.6251074139342896e-29
-4595507812500090.0,4.268906505316198e-26,2.134173979990541e-29
-4585517578125090.0,3.890670914165596e-26,1.5831859957754014e-29
-4575527343750089.0,3.4118791893151305e-26,1.1419352255791581e-29
-4565537109375089.0,2.5609805984264015e-26,7.048163817487948e-30
-4555546875000089.0,1.349672874298335e-26,3.6751746501017e-30
-4545556640625089.0,1.0740080578109787e-27,2.9276403643289912e-30
-4535566406250089.0,7.304064661211732e-28,5.6944880454357686e-30
-4525576171875088.0,2.3508630690191795e-27,1.0970308349651434e-29
-4515585937500088.0,8.563201987049778e-27,1.73704639067379e-29
-4505595703125088.0,1.644400513413755e-26,2.2486705057416044e-29
-4495605468750088.0,2.3413885088588577e-26,2.5340964798623576e-29
-4485615234375087.5,3.378172496108472e-26,2.7066566087458587e-29
-4475625000000087.5,3.304732074229909e-26,2.9707206681356974e-29
-4465634765625087.5,3.636037071539294e-26,3.268278146823146e-29
-4455644531250087.0,3.8148528399660625e-26,3.8078134446389666e-29
-4445654296875087.0,5.410397202396873e-26,3.968417461918014e-29
-4435664062500086.5,7.155726977391493e-26,3.742828930023499e-29
-4425673828125086.5,1.0128040485678538e-25,3.3517689891302276e-29
-4415683593750086.5,1.340899385180279e-25,2.841843815620987e-29
-4405693359375086.0,1.3744943998583538e-25,2.364016502271955e-29
-4395703125000086.0,1.3443619327893467e-25,2.066553830591124e-29
-4385712890625085.5,1.1356729905785302e-25,1.8389828841882505e-29
-4375722656250085.5,1.0473249250410808e-25,1.6631424328758065e-29
-4365732421875085.5,5.992706380150131e-26,1.311173316950803e-29
-4355742187500085.0,2.1774481812946506e-26,8.893086834675778e-30
-4345751953125085.0,6.976017489795912e-27,4.991399284365049e-30
-4335761718750085.0,2.7847485061217917e-27,2.439431683755411e-30
-4325771484375084.5,1.1660506230766825e-26,1.9529579714029203e-30
-4315781250000084.5,3.787338327736404e-26,2.297676247461865e-30
-4305791015625084.0,6.558038685969781e-26,3.8962740702329045e-30
-4295800781250084.0,9.896399577607771e-26,6.322527580068571e-30
-4285810546875084.0,1.3341029537807698e-25,9.30655915193328e-30
-4275820312500083.5,1.787207866378182e-25,1.1956614081588732e-29
-4265830078125083.5,2.154172790143236e-25,1.140854425703726e-29
-4255839843750083.0,2.442598478123122e-25,8.941779713274203e-30
-4245849609375083.0,2.67308538494194e-25,4.394494370705227e-30
-4235859375000083.0,2.956767635470139e-25,9.181110520777834e-31
-4225869140625082.5,3.1036680933387764e-25,2.3514033781116462e-31
-4215878906250082.5,3.217348881270109e-25,3.257805764872246e-30
-4205888671875082.0,3.1723356194425847e-25,9.241682717305352e-30
-4195898437500082.0,2.78611794524995e-25,1.7004063268265678e-29
-4185908203125082.0,2.698375855837709e-25,2.4137408811023718e-29
-4175917968750081.5,2.378655051369738e-25,2.595089619499256e-29
-4165927734375081.5,2.1062897839434164e-25,2.3169410312064136e-29
-4155937500000081.0,1.892007307451057e-25,1.785383742997402e-29
-4145947265625081.0,1.7098880893929417e-25,1.3172343288838197e-29
-4135957031250081.0,1.621938671515537e-25,1.3401766764150363e-29
-4125966796875080.5,1.561047859116704e-25,1.7942226002242927e-29
-4115976562500080.5,1.7148403309206144e-25,2.853388464816723e-29
-4105986328125080.5,1.6855690222861688e-25,3.9329454203923107e-29
-4095996093750080.0,1.6418960498838449e-25,4.9357447272707475e-29
-4086005859375080.0,1.5265260285532808e-25,5.612962552375853e-29
-4076015625000079.5,1.5839677933968904e-25,5.72462245248894e-29
-4066025390625079.5,1.3939867832946799e-25,5.263992182070145e-29
-4056035156250079.5,1.214751231563835e-25,4.4343294306754383e-29
-4046044921875079.0,9.18639575517176e-26,3.366848991602707e-29
-4036054687500079.0,8.071926034189753e-26,2.6747151801465676e-29
-4026064453125078.5,7.30662299987552e-26,2.203209597998748e-29
-4016074218750078.5,6.886432939106864e-26,2.2588840645644406e-29
-4006083984375078.5,8.328555091740618e-26,2.728503935350649e-29
-3996093750000078.0,1.1326695007027547e-25,3.500320191658072e-29
-3986103515625078.0,1.5836483726100242e-25,4.445474942373317e-29
-3976113281250077.5,2.1654174206861497e-25,5.53010122859271e-29
-3966123046875077.5,2.8830507043175484e-25,6.834717692965888e-29
-3956132812500077.5,3.74536232278725e-25,8.015488712665515e-29
-3946142578125077.0,4.33237768943401e-25,9.286795683333926e-29
-3936152343750077.0,4.86298938879708e-25,1.033933074588357e-28
-3926162109375077.0,5.303564762973228e-25,1.117747777630042e-28
-3916171875000076.5,5.57700237108849e-25,1.183122571213687e-28
-3906181640625076.5,5.609260690016301e-25,1.224880933523631e-28
-3896191406250076.0,5.280867878682952e-25,1.2166891281914622e-28
-3886201171875076.0,4.852885932660296e-25,1.1605274484187666e-28
-3876210937500076.0,4.460773988076516e-25,1.0293699185528806e-28
-3866220703125075.5,3.8669077240605376e-25,8.17115636612754e-29
-3856230468750075.5,3.153077211305663e-25,5.554343617202159e-29
-3846240234375075.0,2.66360077663696e-25,3.050909915691726e-29
-3836250000000075.0,2.4125202388672682e-25,1.3279667040631745e-29
-3826259765625075.0,2.1438313597915752e-25,4.030459835974484e-30
-3816269531250074.5,2.0220616674862126e-25,2.4533450031479248e-30
-3806279296875074.5,2.3273312928190124e-25,5.857357157336417e-30
-3796289062500074.0,2.6687374771791376e-25,1.1000260487717229e-29
-3786298828125074.0,3.363859081145089e-25,1.6064914252670242e-29
-3776308593750074.0,4.453896753611128e-25,2.0205516645466385e-29
-3766318359375073.5,5.379402076193735e-25,2.356155369785381e-29
-3756328125000073.5,6.4889415531345465e-25,2.634053909055505e-29
-3746337890625073.0,7.56961976411505e-25,2.906362202017452e-29
-3736347656250073.0,8.47718904420088e-25,3.1118134579768584e-29
-3726357421875073.0,8.93919849536528e-25,3.270638571512128e-29
-3716367187500072.5,8.783440456352275e-25,3.3639587760831446e-29
-3706376953125072.5,8.596355581431886e-25,3.416432773592381e-29
-3696386718750072.5,8.416575396211279e-25,3.245633346751678e-29
-3686396484375072.0,7.502309072857491e-25,2.9437845950237855e-29
-3676406250000072.0,6.895593294315235e-25,2.375104085784463e-29
-3666416015625071.5,5.872753617930956e-25,1.675735390731912e-29
-3656425781250071.5,4.980496539903175e-25,1.0438848490559856e-29
-3646435546875071.5,4.006838250904148e-25,6.44724255893927e-30
-3636445312500071.0,3.2034168871970052e-25,4.777470832533141e-30
-3626455078125071.0,2.539057450605099e-25,6.091705481175932e-30
-3616464843750070.5,1.9672770308743377e-25,7.780123825052394e-30
-3606474609375070.5,1.4495996119629298e-25,9.785926077654052e-30
-3596484375000070.5,1.1225181726374808e-25,1.16457010225458e-29
-3586494140625070.0,8.383832970709726e-26,1.3838139478478927e-29
-3576503906250070.0,6.928115770593868e-26,1.6428853259998246e-29
-3566513671875069.5,4.428600232971924e-26,1.7650598704774575e-29
-3556523437500069.5,2.244577757618352e-26,1.8457733601376838e-29
-3546533203125069.5,6.474491835212363e-27,1.8488881260553263e-29
-3536542968750069.0,1.1427904089882556e-27,1.6849043639602598e-29
-3526552734375069.0,7.951261405389036e-27,1.576295086050475e-29
-3516562500000069.0,2.0225004032503722e-26,1.4024797279079317e-29
-3506572265625068.5,5.010816453745857e-26,1.358695620233063e-29
-3496582031250068.5,8.093226259080869e-26,1.3063527453902717e-29
-3486591796875068.0,1.0639625719524998e-25,1.4107317053209276e-29
-3476601562500068.0,1.2280494598892087e-25,1.5227693701880446e-29
-3466611328125068.0,1.425461759094438e-25,1.8320753257798038e-29
-3456621093750067.5,1.3811423737482682e-25,2.203460894567736e-29
-3446630859375067.5,1.2458542697404725e-25,2.5275066266816376e-29
-3436640625000067.0,9.069946340236388e-26,2.7242779755018396e-29
-3426650390625067.0,7.593224215416836e-26,2.746290506962043e-29
-3416660156250067.0,5.729228408250552e-26,2.733152266916675e-29
-3406669921875066.5,3.660164998016272e-26,2.594363520971131e-29
-3396679687500066.5,2.90481767094912e-26,2.479549696880875e-29
-3386689453125066.0,2.445256319998666e-26,2.511351685950228e-29
-3376699218750066.0,2.2722780294945252e-26,2.680042121649728e-29
-3366708984375066.0,2.152741656341792e-26,2.854962467403818e-29
-3356718750000065.5,2.4025393612578123e-26,2.9534151608936763e-29
-3346728515625065.5,3.130143127064287e-26,3.145238479881272e-29
-3336738281250065.0,3.048582114919841e-26,3.0610614536469213e-29
-3326748046875065.0,4.361904861202684e-26,2.8923197502720966e-29
-3316757812500065.0,5.803214875836465e-26,2.65895398859298e-29
-3306767578125064.5,7.545962289928995e-26,2.4162840763405748e-29
-3296777343750064.5,9.397152838802943e-26,2.2214756046646744e-29
-3286787109375064.5,1.3477176236544158e-25,2.0649288475913193e-29
-3276796875000064.0,1.7966819582582961e-25,1.936202217086393e-29
-3266806640625064.0,1.7621631034667677e-25,1.9483061667445947e-29
-3256816406250063.5,1.7762204103763254e-25,1.7771584608475607e-29
-3246826171875063.5,1.6701686330339263e-25,1.7290922743738753e-29
-3236835937500063.5,1.6111597903177328e-25,1.523324721469737e-29
-3226845703125063.0,1.3509062839674756e-25,1.1973348093831994e-29
-3216855468750063.0,1.3510713334983522e-25,8.469918218329474e-30
-3206865234375062.5,1.1961322246416478e-25,4.521739715089833e-30
-3196875000000062.5,7.892800892072344e-26,2.1832620773238494e-30
-3186884765625062.5,5.292537656716176e-26,1.0849518695724234e-30
-3176894531250062.0,4.3449355099356964e-26,2.3092008770618337e-30
-3166904296875062.0,1.8338638192026491e-26,5.951780618160874e-30
-3156914062500061.5,1.352160633709321e-26,1.2219293946175061e-29
-3146923828125061.5,7.983048718569266e-27,2.047658845586514e-29
-3136933593750061.5,1.13729594121455e-26,2.977828287929346e-29
-3126943359375061.0,1.5227446768512968e-26,3.6844274826703106e-29
-3116953125000061.0,1.519248600765992e-26,4.361050700817411e-29
-3106962890625060.5,2.169519973155163e-26,4.822313436341067e-29
-3096972656250060.5,2.759822324315525e-26,5.283701019676901e-29
-3086982421875060.5,2.4769886318780955e-26,5.636330959751413e-29
-3076992187500060.0,2.3171647651264573e-26,5.931326498332425e-29
-3067001953125060.0,2.0503099804803673e-26,6.021715480344125e-29
-3057011718750060.0,2.024150727779619e-26,5.99025348081626e-29
-3047021484375059.5,1.5835670453576683e-26,5.635197611182455e-29
-3037031250000059.5,1.0990283749213749e-26,5.15143989063893e-29
-3027041015625059.0,9.464456482131306e-27,4.672568384496266e-29
-3017050781250059.0,6.5549713936251e-27,4.1628157508926544e-29
-3007060546875059.0,3.427031199055072e-27,3.6500627295091177e-29
-2997070312500058.5,4.330743437849261e-27,3.164746491623364e-29
-2987080078125058.5,7.773699704395557e-27,2.715182344597097e-29
-2977089843750058.0,1.2009984918084141e-26,2.3489933615824795e-29
-2967099609375058.0,2.6194868436435107e-26,1.9351816262091336e-29
-2957109375000058.0,3.51582012106224e-26,1.5200802492208033e-29
-2947119140625057.5,5.084764646419723e-26,1.0601685454748664e-29
-2937128906250057.5,6.295591716754088e-26,6.686751824200008e-30
-2927138671875057.0,8.065077749077149e-26,3.463095198612164e-30
-2917148437500057.0,1.0650652500767438e-25,1.5688723099379001e-30
-2907158203125057.0,1.1682907950466024e-25,1.0825079641265313e-30
-2897167968750056.5,1.5232591953970168e-25,1.0736767261815979e-30
-2887177734375056.5,1.5088753351870256e-25,1.5454433605860909e-30
-2877187500000056.0,1.3948009887964712e-25,2.8258055545637934e-30
-2867197265625056.0,1.4440804762839416e-25,3.8717844890844956e-30
-2857207031250056.0,1.3644137827659113e-25,6.766360590043987e-30
-2847216796875055.5,1.3772168025312436e-25,7.943174213603334e-30
-2837226562500055.5,1.387482267340979e-25,1.0547404363920633e-29
-2827236328125055.5,1.3261762701750543e-25,1.0682527137633146e-29
-2817246093750055.0,1.1717543931096797e-25,7.78957116841921e-30
-2807255859375055.0,1.0040236837393112e-25,8.304095186545225e-30
-2797265625000054.5,9.363929261940298e-26,2.870025637161186e-30
-2787275390625054.5,7.739644278306844e-26,2.477026408882453e-30
-2777285156250054.5,6.120917617160094e-26,6.165649906695894e-30
-2767294921875054.0,4.4243257954420867e-26,3.557324513221771e-30
-2757304687500054.0,3.6182352025420947e-26,1.0864758749365515e-29
-2747314453125053.5,2.5576093554566555e-26,2.865371691450517e-29
-2737324218750053.5,1.574315817845394e-26,7.92115283259357e-30
-2727333984375053.5,1.4541517764948957e-26,6.132268763620699e-29
-2717343750000053.0,1.5855345119495706e-26,2.6054498201657136e-29
-2707353515625053.0,1.833749626244193e-26,4.1956176003472596e-29
-2697363281250052.5,2.1648297625390045e-26,9.835861529545352e-29
-2687373046875052.5,2.3817192849429455e-26,7.044891232722552e-30
-2677382812500052.5,1.8749076062033805e-26,1.4554032731671503e-28
-2667392578125052.0,1.8150868949601694e-26,1.0778034204333411e-28
-2657402343750052.0,2.2919576335346087e-26,2.214004991387864e-28
-2647412109375052.0,1.568794209951297e-26,3.073335557661912e-28
-2637421875000051.5,2.136778160719333e-26,5.9837047299385115e-28
-2627431640625051.5,3.445359984302845e-26,8.800281894517283e-28
-2617441406250051.0,2.3252464910790982e-26,1.2088350876713285e-27
-2607451171875051.0,4.951378814349719e-26,2.769099295335977e-27
-2597460937500051.0,6.281245008013813e-26,3.0137507663736568e-27
-2587470703125050.5,2.954846182991819e-26,5.813930627851894e-27
-2577480468750050.5,1.0632339948988613e-25,1.0221971917197614e-26
-2567490234375050.0,8.949078062493854e-26,1.2593294549569141e-26
-2557500000000050.0,1.9487247769180196e-26,2.407102175947516e-26
-2547509765625050.0,1.784472968017935e-25,3.7768920408315875e-26
-2537519531250049.5,1.2441812776302372e-25,5.38674459297213e-26
-2527529296875049.5,2.377471839462493e-26,9.341071026018769e-26
-2517539062500049.0,3.8545672156186717e-25,1.4439736868979398e-25
-2507548828125049.0,2.5593913360305158e-25,2.1950964664122845e-25
-2497558593750049.0,1.5958909332050545e-25,3.564558399169661e-25
-2487568359375048.5,1.0865541551700472e-24,5.562986528445458e-25
-2477578125000048.5,9.555136844197596e-25,8.560795709352965e-25
-2467587890625048.0,8.1210056700614495e-25,1.354830577063448e-24
-2457597656250048.0,3.145408043078303e-24,2.1165146081896345e-24
-2447607421875048.0,3.2672091137059258e-24,3.2534819328181683e-24
-2437617187500047.5,4.168505846535874e-24,5.1062512241394294e-24
-2427626953125047.5,9.471642989141395e-24,7.897108497526281e-24
-2417636718750047.5,1.2153176526941519e-23,1.2178485617566384e-23
-2407646484375047.0,1.7732853067866527e-23,1.890451270412811e-23
-2397656250000047.0,2.969109927021327e-23,2.907148393912521e-23
-2387666015625046.5,4.530461873985172e-23,4.476775707520986e-23
-2377675781250046.5,6.896530576276137e-23,6.883613996626159e-23
-2367685546875046.5,1.0202201056194699e-22,1.0553724574839098e-22
-2357695312500046.0,1.6522789339063998e-22,1.6153672955081836e-22
-2347705078125046.0,2.5117048870021832e-22,2.469679813600702e-22
-2337714843750045.5,3.6433487197191434e-22,3.768037068034107e-22
-2327724609375045.5,5.82769682786751e-22,5.734029308923567e-22
-2317734375000045.5,8.845613825080138e-22,8.721258768990158e-22
-2307744140625045.0,1.295338613025305e-21,1.3232168834561584e-21
-2297753906250045.0,2.0180238297944316e-21,2.003198192113739e-21
-2287763671875044.5,3.0613547964583465e-21,3.0299334766369118e-21
-2277773437500044.5,4.523465911402586e-21,4.5721941955276425e-21
-2267783203125044.5,6.889652230357675e-21,6.885551864831486e-21
-2257792968750044.0,1.043409589595248e-20,1.0357196865784278e-20
-2247802734375044.0,1.5462190313708902e-20,1.5545046940296314e-20
-2237812500000043.8,2.3244673899730547e-20,2.3286603061901133e-20
-2227822265625043.5,3.5006544349965437e-20,3.4834360741312016e-20
-2217832031250043.2,5.19290427333578e-20,5.200259926597194e-20
-2207841796875043.2,7.73445320237216e-20,7.748753802870906e-20
-2197851562500043.0,1.155774732319871e-19,1.1527545384649837e-19
-2187861328125042.8,1.7120318130935808e-19,1.7116771306569937e-19
-2177871093750042.5,2.533917132136101e-19,2.5369047027178787e-19
-2167880859375042.5,3.7570180636012083e-19,3.753513549133317e-19
-2157890625000042.2,5.547328040537412e-19,5.543455614330413e-19
-2147900390625042.0,8.169579501698515e-19,8.171994297014879e-19
-2137910156250041.8,1.2027567243205703e-18,1.202557943602663e-18
-2127919921875041.5,1.7675660987561364e-18,1.766445764896436e-18
-2117929687500041.5,2.590782510729282e-18,2.5900479181474633e-18
-2107939453125041.2,3.790634468525313e-18,3.790850937214606e-18
-2097949218750041.0,5.540159692829764e-18,5.538381119800277e-18
-2087958984375040.8,8.080802800677995e-18,8.076915749022521e-18
-2077968750000040.5,1.1758865698939028e-17,1.1757852522713227e-17
-2067978515625040.5,1.7087463937949976e-17,1.7085481367151053e-17
-2057988281250040.2,2.4793132807568092e-17,2.4782374985218648e-17
-2047998046875040.0,3.589192512752529e-17,3.58822215420974e-17
-2038007812500039.8,5.186476132628665e-17,5.18600851032417e-17
-2028017578125039.8,7.4839724309846e-17,7.481715805992735e-17
-2018027343750039.5,1.0778004610355176e-16,1.0774307287438027e-16
-2008037109375039.2,1.5490719683056088e-16,1.5488144359723154e-16
-1998046875000039.0,2.222874915832846e-16,2.22240288337145e-16
-1988056640625038.8,3.1841839232517245e-16,3.183172335690519e-16
-1978066406250038.8,4.55226474955726e-16,4.551157361730996e-16
-1968076171875038.5,6.496716586610264e-16,6.495385923109525e-16
-1958085937500038.2,9.255805863115176e-16,9.253317552411643e-16
-1948095703125038.0,1.316190821587221e-15,1.315843722766851e-15
-1938105468750038.0,1.868268002182556e-15,1.8678387797597392e-15
-1928115234375037.8,2.6473074635406543e-15,2.6466483506096447e-15
-1918125000000037.5,3.744307426027039e-15,3.743332584382288e-15
-1908134765625037.2,5.286132306739204e-15,5.2848563818251886e-15
-1898144531250037.0,7.44983590876876e-15,7.448017677383446e-15
-1888154296875037.0,1.0480559710294035e-14,1.047788668800106e-14
-1878164062500036.8,1.4716843724626088e-14,1.47131990437373e-14
-1868173828125036.5,2.0627782598156298e-14,2.0622757899175855e-14
-1858183593750036.2,2.886240318547044e-14,2.885518657339494e-14
-1848193359375036.2,4.031304525102403e-14,4.030291554037767e-14
-1838203125000036.0,5.6202175806022286e-14,5.618831329675751e-14
-1828212890625035.8,7.820855788734822e-14,7.818930027047952e-14
-1818222656250035.5,1.0864115590230108e-13,1.0861410334964146e-13
-1808232421875035.2,1.5065668776631476e-13,1.5061906602275378e-13
-1798242187500035.2,2.0853778447020655e-13,2.0848615673837215e-13
-1788251953125035.0,2.8810442775623127e-13,2.880332242691434e-13
-1778261718750034.8,3.973158393846418e-13,3.972170618200707e-13
-1768271484375034.5,5.470175811182675e-13,5.468812774336509e-13
-1758281250000034.5,7.518010060876767e-13,7.516147506898506e-13
-1748291015625034.2,1.031225433714297e-12,1.0309701576756592e-12
-1738300781250034.0,1.4117956216056466e-12,1.4114443133185665e-12
-1728310546875033.8,1.9296200071705476e-12,1.929139291689739e-12
-1718320312500033.5,2.6331745197187712e-12,2.6325223562060327e-12
-1708330078125033.5,3.586473546097926e-12,3.5855868952147877e-12
-1698339843750033.2,4.874657945390235e-12,4.873445966234175e-12
-1688349609375033.0,6.613341915890436e-12,6.6116906247069135e-12
-1678359375000032.8,8.959140139005865e-12,8.956913906254086e-12
-1668369140625032.5,1.2118025317367932e-11,1.211503472334662e-11
-1658378906250032.5,1.6356332902497215e-11,1.6352288676784155e-11
-1648388671875032.2,2.2027090659210093e-11,2.2021594884677718e-11
-1638398437500032.0,2.9613260965448695e-11,2.960585055245199e-11
-1628408203125031.8,3.9765439641461685e-11,3.975557539960866e-11
-1618417968750031.8,5.331711597486691e-11,5.330401178008455e-11
-1608427734375031.5,7.131647651834296e-11,7.129886766851817e-11
-1598437500000031.2,9.514939708777896e-11,9.512556999735634e-11
-1588447265625031.0,1.2674464067603678e-10,1.2671276072364147e-10
-1578457031250030.8,1.6870825795191423e-10,1.6866641031165736e-10
-1568466796875030.8,2.242803575059412e-10,2.242256103837111e-10
-1558476562500030.5,2.9734723971408773e-10,2.972742886495496e-10
-1548486328125030.2,3.9297144523073843e-10,3.9287272906399527e-10
-1538496093750030.0,5.184399952194845e-10,5.183081109662105e-10
-1528505859375030.0,6.8392032025782e-10,6.837495312133701e-10
-1518515625000029.8,9.018314349168443e-10,9.016133098973918e-10
-1508525390625029.5,1.1858860475763204e-09,1.1856003417898898e-09
-1498535156250029.2,1.5526783743365327e-09,1.5522904966254805e-09
-1488544921875029.0,2.027110434279892e-09,2.0265854733259183e-09
-1478554687500029.0,2.647454341440295e-09,2.6467759198989895e-09
-1468564453125028.8,3.4628345067035014e-09,3.4619950875675316e-09
-1458574218750028.5,4.523232070793789e-09,4.522179501219436e-09
-1448583984375028.2,5.87648142650874e-09,5.875069185136272e-09
-1438593750000028.0,7.589577185184176e-09,7.587604780695593e-09
-1428603515625028.0,9.78744648895798e-09,9.784802097784982e-09
-1418613281250027.8,1.266743984949566e-08,1.2664192485476026e-08
-1408623046875027.5,1.6450551357244843e-08,1.6446776355904116e-08
-1398632812500027.2,2.130005965376099e-08,2.1295413870552705e-08
-1388642578125027.2,2.7322422164929786e-08,2.731590303472362e-08
-1378652343750027.0,3.474408206572317e-08,3.4734511074536186e-08
-1368662109375026.8,4.41730407506174e-08,4.4160171590084045e-08
-1358671875000026.5,5.664615471378351e-08,5.6631250012883894e-08
-1348681640625026.2,7.322240423058978e-08,7.320687599302097e-08
-1338691406250026.2,9.434599941532365e-08,9.432831005246864e-08
-1328701171875026.0,1.1974128129035074e-07,1.197149908419035e-07
-1318710937500025.8,1.4951880996533851e-07,1.4947553174048367e-07
-1308720703125025.5,1.8608186591885978e-07,1.860192749940916e-07
-1298730468750025.5,2.3499418454769105e-07,2.3492241217845682e-07
-1288740234375025.2,3.0282772356895766e-07,3.0276398375218314e-07
-1278750000000025.0,3.923382313194992e-07,3.9228649753742814e-07
-1268759765625024.8,4.99055048895125e-07,4.989842085212716e-07
-1258769531250024.5,6.149386865959541e-07,6.147854505681062e-07
-1248779296875024.5,7.406264232849869e-07,7.403398250245755e-07
-1238789062500024.2,8.986787101669491e-07,8.982860779329021e-07
-1228798828125024.0,1.1331621649317866e-06,1.1327951619939583e-06
-1218808593750023.8,1.4853825034021104e-06,1.485200380424395e-06
-1208818359375023.8,1.9547737891680513e-06,1.954789310240048e-06
-1198828125000023.5,2.477168577382682e-06,2.477094118829607e-06
-1188837890625023.2,2.9579428917432464e-06,2.957240112394069e-06
-1178847656250023.0,3.367277611051897e-06,3.3655135563007884e-06
-1168857421875022.8,3.846204928379605e-06,3.843575046276574e-06
-1158867187500022.8,4.724875329413123e-06,4.722485420022802e-06
-1148876953125022.5,6.371615680024717e-06,6.371065345174767e-06
-1138886718750022.2,8.897241138995874e-06,8.899407252522996e-06
-1128896484375022.0,1.1891096134489812e-05,1.1894699001266794e-05
-1118906250000021.9,1.4454861754541967e-05,1.445599060057277e-05
-1108916015625021.6,1.571155472660629e-05,1.570525396135903e-05
-1098925781250021.5,1.567168892804921e-05,1.565563138609975e-05
-1088935546875021.2,1.5963207195158118e-05,1.594172796792879e-05
-1078945312500021.1,1.973549539784911e-05,1.9720878437008973e-05
-1068955078125020.9,3.0284010155460047e-05,3.0292218019747618e-05
-1058964843750020.8,4.866315255962174e-05,4.870385574503435e-05
-1048974609375020.5,7.147944550228656e-05,7.154449897056943e-05
-1038984375000020.2,9.061997307882366e-05,9.06781074312168e-05
-1028994140625020.1,9.629418331947169e-05,9.629970276189296e-05
-1019003906250019.9,8.324664801882578e-05,8.316454668688691e-05
-1009013671875019.8,5.779614740721017e-05,5.763626448410638e-05
-999023437500019.5,4.157398458454724e-05,4.141693594270046e-05
-989033203125019.4,6.777774402586833e-05,6.777164501196692e-05
-979042968750019.1,0.00016822420074563154,0.000168538727253875
-969052734375019.0,0.0003541126137508117,0.0003548561974797589
-959062500000018.8,0.0005984658174539371,0.000599596595716088
-949072265625018.5,0.0008310915873397994,0.0008323715034174589
-939082031250018.4,0.0009552201799087949,0.0009562617182494205
-929091796875018.1,0.0008878801953890976,0.0008883093377971053
-919101562500018.0,0.0006151502973194671,0.0006148608731927441
-909111328125017.8,0.00024259767196924004,0.00024201712852288187
-899121093750017.6,1.5562809762180616e-05,1.5811609176954592e-05
-889130859375017.4,0.00028768674129024874,0.0002905165132806312
-879140625000017.2,0.0014304792269388923,0.0014379304798802092
-869150390625017.0,0.0036989110100148527,0.0037127321242949574
-859160156250016.8,0.007091215949684948,0.00711220284630906
-849169921875016.6,0.011256572147594965,0.011284079906448218
-839179687500016.4,0.015504382795723415,0.015536283891783012
-829189453125016.2,0.018949870853195334,0.01898316303386176
-819199218750016.0,0.020795064504044038,0.02082716701965019
-809208984375015.9,0.020700501806359968,0.020731057047850755
-799218750000015.6,0.01916364996041882,0.01919642965899025
-789228515625015.4,0.017798007254112257,0.017842378263332202
-779238281250015.2,0.019411315242562028,0.01948270683654494
-769248046875015.0,0.02781455163743021,0.02793350932047082
-759257812500014.9,0.04734959405374639,0.04753928619843094
-749267578125014.6,0.08218991336507094,0.08247231738291061
-739277343750014.5,0.13552899109518232,0.1359203389209712
-729287109375014.2,0.20880971448720126,0.20931603197570314
-719296875000014.0,0.30115411212103355,0.30176777254185383
-709306640625013.9,0.4091236142527848,0.4098217108684879
-699316406250013.6,0.5268812855021743,0.5276263289876462
-689326171875013.5,0.64675195353319,0.6474949779260938
-679335937500013.2,0.7601003770082859,0.7607860833197315
-669345703125013.1,0.8583877724721716,0.8589609493605735
-659355468750012.9,0.9342352679940984,0.9346474852507989
-649365234375012.8,0.9823246361223459,0.9825401562562234
-639375000000012.5,1.0,1.0
-629384765625012.2,0.9874906759877825,0.9872751781076281
-619394531250012.1,0.947742409180802,0.9473297186538988
-609404296875011.9,0.8859084377186355,0.8853322954482732
-599414062500011.8,0.8086014551391305,0.807906458005049
-589423828125011.5,0.723035076287424,0.7222711400461357
-579433593750011.4,0.6361864142730762,0.6354031265676788
-569443359375011.1,0.554092339768917,0.5533339772155886
-559453125000010.94,0.4813571735356344,0.4806589674831423
-549462890625010.75,0.42090720458256264,0.4202931823558175
-539472656250010.56,0.37398588017637974,0.3734683354604651
-529482421875010.4,0.34034963801540385,0.3399300433546287
-519492187500010.1,0.31860248347422454,0.31827348422447105
-509501953125009.94,0.30659902107523385,0.306347060711914
-499511718750009.75,0.3018495865261456,0.30165770764555383
-489521484375009.56,0.30187435317688655,0.30172478226954164
-479531250000009.4,0.30447179167835237,0.3043480252883447
-469541015625009.2,0.3078865744516114,0.3077748131515526
-459550781250009.0,0.3108795422206386,0.31076944265785317
-449560546875008.8,0.31271541433068406,0.31260023017267846
-439570312500008.6,0.3130915164672004,0.31296776598139703
-429580078125008.4,0.3120330500272152,0.3118998787412816
-419589843750008.2,0.30977831393996447,0.30963671929485753
-409599609375008.0,0.30667225939094883,0.3065243187484696
-399609375000007.8,0.3030803623399924,0.3029285661995415
-389619140625007.6,0.29932840327691446,0.2991751518373365
-379628906250007.44,0.2956683453026281,0.29551562643459234
-369638671875007.25,0.29226666006837665,0.2921158955132714
-359648437500007.0,0.2892093152414542,0.2890613417443025
-349658203125006.8,0.28651703580077553,0.2863721788045884
-339667968750006.6,0.2841650142615006,0.28402321187599494
-329677734375006.44,0.28210252308009603,0.28196346449946413
-319687500000006.25,0.280269447722369,0.28013270012505503
-309697265625006.06,0.27860826936385347,0.2784733779526638
-299707031250005.9,0.277071257458591,0.2769378127708224
-289716796875005.7,0.275623478431946,0.27549115222696696
-279726562500005.47,0.27424268001463,0.27411123554661
-269736328125005.28,0.27291723161108394,0.27278651609109467
-259746093750005.06,0.2716431851652711,0.2715131122450816
-249755859375004.88,0.27042127094551727,0.2702917997956002
-239765625000004.7,0.2692543482679017,0.26912546393455583
-229775390625004.5,0.2681455581568604,0.26801725591360354
-219785156250004.3,0.2670972120089772,0.26696948671780113
-209794921875004.1,0.2661103118517587,0.2659831521193256
-199804687500003.9,0.26518453001144154,0.2650579161938086
-189814453125003.72,0.2643184641472778,0.26419236896877785
-179824218750003.5,0.26351000855354534,0.263384399142023
-169833984375003.3,0.2627567258859991,0.2626315662573639
-159843750000003.12,0.26205615026875784,0.26193140360574574
-149853515625002.94,0.26140599331627035,0.26128162368960184
-139863281250002.73,0.26080425406827557,0.26068022749496
-129873046875002.53,0.2602492512217643,0.2601255361206787
-119882812500002.34,0.25973960297283705,0.2596161701651591
-109892578125002.16,0.25927417917013335,0.2591510015970746
-99902343750001.95,0.25885204549280805,0.2587290978048491
-89912109375001.75,0.2584724127155409,0.2583496708481187
-79921875000001.56,0.25813459775279973,0.25801203855833604
-69931640625001.37,0.25783799818490116,0.25771559915151304
-59941406250001.17,0.2575820787500308,0.25745981780791066
-49951171875000.98,0.2573663667257543,0.2572442221252935
-39960937500000.78,0.2571904528329071,0.25706840307182655
-29970703125000.586,0.2570539947931965,0.25693201857027126
-19980468750000.39,0.256956721517379,0.256834797695118
-9990234375000.195,0.25689843676117247,0.2567765443266108
0.0,0.25687902176019217,0.25675713977921194
9990234375000.195,0.2568984367610658,0.2567765443266119
19980468750000.39,0.25695672151719773,0.25683479769511997
29970703125000.586,0.25705399479288965,0.25693201857027403
39960937500000.78,0.2571904528324783,0.2570684030718293
49951171875000.98,0.25736636672522145,0.25724422212529613
59941406250001.17,0.25758207874935046,0.2574598178079132
69931640625001.37,0.2578379981841003,0.2577155991515151
79921875000001.56,0.2581345977518861,0.2580120385583377
89912109375001.75,0.2584724127145457,0.25834967084812005
99902343750001.95,0.25885204549167307,0.2587290978048499
109892578125002.16,0.2592741791689317,0.2591510015970751
119882812500002.34,0.2597396029715304,0.2596161701651594
129873046875002.53,0.26024925122040055,0.260125536120679
139863281250002.73,0.2608042540668208,0.26068022749496056
149853515625002.94,0.2614059933147618,0.2612816236896026
159843750000003.12,0.2620561502671616,0.26193140360574674
169833984375003.3,0.2627567258843452,0.262631566257365
179824218750003.5,0.26351000855184087,0.26338439914202383
189814453125003.72,0.26431846414548427,0.26419236896877857
199804687500003.9,0.2651845300096139,0.2650579161938092
209794921875004.1,0.26611031184987205,0.26598315211932594
219785156250004.3,0.2670972120070758,0.26696948671780146
229775390625004.5,0.26814555815496455,0.2680172559136042
239765625000004.7,0.2692543482659925,0.2691254639345569
249755859375004.88,0.2704212709436289,0.2702917997956018
259746093750005.06,0.2716431851633169,0.2715131122450832
269736328125005.28,0.27291723160928566,0.27278651609109644
279726562500005.47,0.274242680012889,0.27411123554661176
289716796875005.7,0.2756234784302984,0.2754911522269684
299707031250005.9,0.277071257457036,0.27693781277082363
309697265625006.06,0.2786082693624529,0.2784733779526652
319687500000006.25,0.2802694477212008,0.2801327001250566
329677734375006.44,0.2821025230791236,0.28196346449946574
339667968750006.6,0.284165014260758,0.2840232118759971
349658203125006.8,0.28651703580017324,0.28637217880459065
359648437500007.0,0.28920931524109583,0.28906134174430453
369638671875007.25,0.29226666006822516,0.29211589551327327
379628906250007.44,0.29566834530275404,0.29551562643459356
389619140625007.6,0.29932840327730675,0.2991751518373372
399609375000007.8,0.30308036234059355,0.3029285661995416
409599609375008.0,0.30667225939181286,0.3065243187484696
419589843750008.2,0.3097783139410405,0.30963671929485803
429580078125008.4,0.3120330500285874,0.3118998787412831
439570312500008.6,0.3130915164687263,0.31296776598139986
449560546875008.8,0.3127154143323122,0.3126002301726826
459550781250009.0,0.31087954222237,0.31076944265785866
469541015625009.2,0.3078865744534404,0.3077748131515594
479531250000009.4,0.30447179168017147,0.3043480252883524
489521484375009.56,0.3018743531786828,0.3017247822695501
499511718750009.75,0.3018495865278958,0.30165770764556293
509501953125009.94,0.30659902107692816,0.3063470607119234
519492187500010.1,0.3186024834758461,0.31827348422448043
529482421875010.4,0.3403496380171266,0.33993004335463795
539472656250010.56,0.3739858801780711,0.37346833546047353
549462890625010.75,0.42090720458429676,0.42029318235582414
559453125000010.94,0.4813571735373638,0.48065896748314646
569443359375011.1,0.5540923397707196,0.5533339772155891
579433593750011.4,0.636186414274872,0.6354031265676751
589423828125011.5,0.7230350762889981,0.7222711400461272
599414062500011.8,0.8086014551406935,0.8079064580050361
609404296875011.9,0.8859084377198908,0.8853322954482585
619394531250012.1,0.9477424091815106,0.9473297186538844
629384765625012.2,0.987490675988108,0.987275178107616
639375000000012.5,0.9999999999995742,0.9999999999999907
649365234375012.8,0.9823246361212654,0.9825401562562175
659355468750012.9,0.9342352679923243,0.934647485250796
669345703125013.1,0.8583877724701443,0.8589609493605715
679335937500013.2,0.760100377006074,0.7607860833197301
689326171875013.5,0.6467519535311944,0.6474949779260911
699316406250013.6,0.5268812855004955,0.527626328987643
709306640625013.9,0.40912361425166893,0.40982171086848396
719296875000014.0,0.301154112120356,0.3017677725418503
729287109375014.2,0.20880971448688493,0.2093160319757007
739277343750014.5,0.13552899109511743,0.13592033892097014
749267578125014.6,0.08218991336513036,0.08247231738291066
759257812500014.9,0.04734959405381569,0.04753928619843162
769248046875015.0,0.027814551637462315,0.027933509320471707
779238281250015.2,0.019411315242565137,0.01948270683654583
789228515625015.4,0.017798007254077788,0.017842378263333167
799218750000015.6,0.019163649960348937,0.01919642965899153
809208984375015.9,0.020700501806277923,0.020731057047852334
819199218750016.0,0.020795064503967765,0.020827167019651833
829189453125016.2,0.01894987085313011,0.018983163033863066
839179687500016.4,0.01550438279569061,0.015536283891783808
849169921875016.6,0.011256572147603887,0.011284079906448538
859160156250016.8,0.007091215949724999,0.0071122028463090695
869150390625017.0,0.0036989110100613897,0.0037127321242949093
879140625000017.2,0.00143047922697544,0.00143793047988017
889130859375017.4,0.0002876867413087953,0.0002905165132806313
899121093750017.6,1.5562809759357577e-05,1.5811609176951133e-05
909111328125017.8,0.0002425976719480888,0.00024201712852286252
919101562500018.0,0.000615150297288594,0.0006148608731927279
929091796875018.1,0.0008878801953607783,0.0008883093377971147
939082031250018.4,0.0009552201798904947,0.000956261718249435
949072265625018.5,0.0008310915873380452,0.0008323715034174451
959062500000018.8,0.00059846581746457,0.0005995965957160209
969052734375019.0,0.00035411261376898346,0.00035485619747967516
979042968750019.1,0.0001682242007644355,0.00016853872725382805
989033203125019.4,6.77777440353362e-05,6.777164501197939e-05
999023437500019.5,4.157398458307442e-05,4.141693594274278e-05
1009013671875019.8,5.779614739688863e-05,5.7636264484130535e-05
1019003906250019.9,8.324664800620235e-05,8.316454668686595e-05
1028994140625020.1,9.629418331123382e-05,9.62997027618432e-05
1038984375000020.2,9.061997307951762e-05,9.067810743117243e-05
1048974609375020.5,7.147944550915571e-05,7.15444989705489e-05
1058964843750020.8,4.866315256897058e-05,4.8703855745023506e-05
1068955078125020.9,3.0284010161670337e-05,3.029221801973509e-05
1078945312500021.1,1.973549539827526e-05,1.972087843700602e-05
1088935546875021.2,1.5963207191187837e-05,1.5941727967951014e-05
1098925781250021.5,1.5671688923360436e-05,1.5655631386134475e-05
1108916015625021.6,1.5711554724646276e-05,1.570525396136611e-05
1118906250000021.9,1.4454861756387734e-05,1.445599060053798e-05
1128896484375022.0,1.1891096138308227e-05,1.1894699001224917e-05
1138886718750022.2,8.897241141646053e-06,8.899407252516247e-06
1148876953125022.5,6.3716156801946315e-06,6.371065345201806e-06
1158867187500022.8,4.72487532786383e-06,4.722485420044525e-06
1168857421875022.8,3.846204927046777e-06,3.843575046270048e-06
1178847656250023.0,3.3672776108806913e-06,3.3655135562843357e-06
1188837890625023.2,2.9579428921913903e-06,2.9572401123931085e-06
1198828125000023.5,2.477168577670327e-06,2.477094118841737e-06
1208818359375023.8,1.954773789531541e-06,1.9547893102444413e-06
1218808593750023.8,1.4853825037857342e-06,1.4852003804148836e-06
1228798828125024.0,1.1331621650987309e-06,1.1327951619840303e-06
1238789062500024.2,8.986787096524341e-07,8.982860779340392e-07
1248779296875024.5,7.406264226711234e-07,7.403398250330333e-07
1258769531250024.5,6.149386865015748e-07,6.147854505728352e-07
1268759765625024.8,4.990550493970918e-07,4.989842085189582e-07
1278750000000025.0,3.9233823189618475e-07,3.92286497532702e-07
1288740234375025.2,3.0282772361681227e-07,3.027639837501177e-07
1298730468750025.5,2.349941842257662e-07,2.3492241218062107e-07
1308720703125025.5,1.8608186563066253e-07,1.8601927499779108e-07
1318710937500025.8,1.495188098804126e-07,1.4947553174182857e-07
1328701171875026.0,1.1974128140388453e-07,1.1971499083978536e-07
1338691406250026.2,9.434599958900203e-08,9.432831004947286e-08
1348681640625026.2,7.322240432960696e-08,7.320687599212613e-08
1358671875000026.5,5.664615468664091e-08,5.6631250014362006e-08
1368662109375026.8,4.4173040620095504e-08,4.416017159199878e-08
1378652343750027.0,3.474408196600695e-08,3.473451107487989e-08
1388642578125027.2,2.732242219184165e-08,2.7315903033597757e-08
1398632812500027.2,2.1300059756119866e-08,2.1295413869648412e-08
1408623046875027.5,1.6450551388920642e-08,1.644677635606662e-08
1418613281250027.8,1.266743977464105e-08,1.2664192485933435e-08
1428603515625028.0,9.787446425817502e-09,9.784802097873892e-09
1438593750000028.0,7.58957721049546e-09,7.587604780661835e-09
1448583984375028.2,5.876481483556059e-09,5.875069185184113e-09
1458574218750028.5,4.523232073285723e-09,4.522179501219289e-09
1468564453125028.8,3.4628344631018154e-09,3.4619950874077575e-09
1478554687500029.0,2.6474543303417638e-09,2.6467759197632306e-09
1488544921875029.0,2.0271104605357686e-09,2.0265854734508904e-09
1498535156250029.2,1.5526783864618147e-09,1.5522904968598358e-09
1508525390625029.5,1.1858860269260167e-09,1.1856003417639937e-09
1518515625000029.8,9.018314242974142e-10,9.016133096221216e-10
1528505859375030.0,6.839203371082165e-10,6.837495311371829e-10
1538496093750030.0,5.184400040503963e-10,5.183081112029532e-10
1548486328125030.2,3.929714304536837e-10,3.928727292138106e-10
1558476562500030.5,2.973472307968174e-10,2.972742885023744e-10
1568466796875030.8,2.2428036883005378e-10,2.2422561020020557e-10
1578457031250030.8,1.6870826775406208e-10,1.6866641035696783e-10
1588447265625031.0,1.2674463283317936e-10,1.267127608859775e-10
1598437500000031.2,9.514938712078618e-11,9.512557002961254e-11
1608427734375031.5,7.13164811113866e-11,7.129886755928243e-11
1618417968750031.8,5.3317124750949564e-11,5.330401172440333e-11
1628408203125031.8,3.976543807055765e-11,3.9755575465324403e-11
1638398437500032.0,2.96132540725234e-11,2.960585060359409e-11
1648388671875032.2,2.2027090496918605e-11,2.202159484567327e-11
1658378906250032.5,1.6356338026883736e-11,1.635228863775318e-11
1668369140625032.5,1.2118026473072973e-11,1.2115034745637486e-11
1678359375000032.8,8.959136382974354e-12,8.956913931442188e-12
1688349609375033.0,6.613340621594473e-12,6.611690616415116e-12
1698339843750033.2,4.874660506929607e-12,4.873445956773665e-12
1708330078125033.5,3.5864747101199215e-12,3.5855868933729416e-12
1718320312500033.5,2.6331726703940395e-12,2.6325223515088303e-12
1728310546875033.8,1.9296189376528594e-12,1.9291392973535184e-12
1738300781250034.0,1.4117968619287974e-12,1.4114443262946014e-12
1748291015625034.2,1.0312263179719505e-12,1.0309701521306524e-12
1758281250000034.5,7.518002306358401e-13,7.516147360458182e-13
1768271484375034.5,5.470169048737831e-13,5.468812818492419e-13
1778261718750034.8,3.973162931119886e-13,3.9721707447927696e-13
1788251953125035.0,2.8810484582486516e-13,2.8803322047141044e-13
1798242187500035.2,2.085375664357853e-13,2.0848614671399266e-13
1808232421875035.2,1.5065643199544813e-13,1.5061906933433483e-13
1818222656250035.5,1.0864129466640787e-13,1.086141109260335e-13
1828212890625035.8,7.820876196523648e-14,7.818929719538103e-14
1838203125000036.0,5.6202075674321446e-14,5.6188308192400423e-14
1848193359375036.2,4.0312917195051203e-14,4.030291847937771e-14
1858183593750036.2,2.88625069520236e-14,2.885518909904819e-14
1868173828125036.5,2.062784082492294e-14,2.0622755660683637e-14
1878164062500036.8,1.4716736129001263e-14,1.4713198394770928e-14
1888154296875037.0,1.048054454608923e-14,1.0477887833755331e-14
1898144531250037.0,7.449925381546753e-15,7.448017494490772e-15
1908134765625037.2,5.286111436437208e-15,5.284856130440819e-15
1918125000000037.5,3.7442574253231556e-15,3.743332858638303e-15
1928115234375037.8,2.6473377772630784e-15,2.6466481662778616e-15
1938105468750038.0,1.8682863889643937e-15,1.8678386535306466e-15
1948095703125038.0,1.3161625967959012e-15,1.315843955626152e-15
1958085937500038.2,9.255758098275975e-16,9.253317383041745e-16
1968076171875038.5,6.49694962965944e-16,6.495384536254666e-16
1978066406250038.8,4.552229937410084e-16,4.551157921104442e-16
1988056640625038.8,3.184028452446006e-16,3.1831728141327385e-16
1998046875000039.0,2.222968243210346e-16,2.2224024692844803e-16
2008037109375039.2,1.549160432423642e-16,1.5488143924557926e-16
2018027343750039.5,1.0777027046462858e-16,1.0774308930477516e-16
2028017578125039.8,7.48379281590761e-17,7.481715179903874e-17
2038007812500039.8,5.187285293544052e-17,5.1860078806118546e-17
2047998046875040.0,3.5889724617830334e-17,3.5882231158080795e-17
2057988281250040.2,2.4788434499461777e-17,2.478236998670083e-17
2067978515625040.5,1.7090736568131676e-17,1.7085474400811574e-17
2077968750000040.5,1.176045687443183e-17,1.175786736639236e-17
2087958984375040.8,8.0778888517462e-18,8.076908919229294e-18
2097949218750041.0,5.540640507649935e-18,5.538369557712924e-18
2107939453125041.2,3.792188422276925e-18,3.790867737783487e-18
2117929687500041.5,2.589894149762105e-18,2.5900484508948803e-18
2127919921875041.5,1.7670700318680123e-18,1.766428781455051e-18
2137910156250041.8,1.2033220598208792e-18,1.202568460807406e-18
2147900390625042.0,8.169766439234643e-19,8.172078844069151e-19
2157890625000042.2,5.544577484317034e-19,5.543319049786476e-19
2167880859375042.5,3.7582837454631554e-19,3.7535284892562805e-19
2177871093750042.5,2.5354498413978493e-19,2.5369928848599875e-19
2187861328125042.8,1.7105202811851744e-19,1.7116141527898601e-19
2197851562500043.0,1.155572381712446e-19,1.152732967839077e-19
2207841796875043.2,7.747690817138637e-20,7.749310937384163e-20
2217832031250043.2,5.183368513515256e-20,5.200022926402967e-20
2227822265625043.5,3.496140167878506e-20,3.483247464871307e-20
2237812500000043.8,2.3355058489294725e-20,2.3289324192680468e-20
2247802734375044.0,1.5422357251320957e-20,1.5544108569510625e-20
2257792968750044.0,1.0399512532010045e-20,1.0356472302097935e-20
2267783203125044.5,6.950386799161528e-21,6.886549462784777e-21
2277773437500044.5,4.503571862535228e-21,4.5716723841851945e-21
2287763671875044.5,3.0399004499731375e-21,3.0299486440455324e-21
2297753906250045.0,2.0411998089543306e-21,2.0034651979838006e-21
2307744140625045.0,1.2896004608130894e-21,1.3228326837949515e-21
2317734375000045.5,8.772939423219604e-22,8.724575006700433e-22
2327724609375045.5,5.907561330583047e-22,5.733068441006822e-22
2337714843750045.5,3.6255358706644124e-22,3.766421783729362e-22
2347705078125046.0,2.4917903417552173e-22,2.472396206913917e-22
2357695312500046.0,1.6687907804959256e-22,1.6136069770146279e-22
2367685546875046.5,1.02254558237043e-22,1.0554735215879423e-22
2377675781250046.5,6.8644212268462e-23,6.891551197327852e-23
2387666015625046.5,4.496714276927814e-23,4.4696726945927145e-23
2397656250000047.0,3.0264225200580635e-23,2.909838938713593e-23
2407646484375047.0,1.776546111932896e-23,1.8900178359229575e-23
2417636718750047.5,1.1650192751575469e-23,1.2183453939113337e-23
2427626953125047.5,9.72529978675389e-24,7.893072933200394e-24
2437617187500047.5,4.1150426395180274e-24,5.1002914483738255e-24
2447607421875048.0,3.0229885236730897e-24,3.2655313926702263e-24
2457597656250048.0,3.3161646767311045e-24,2.1084095448781312e-24
2467587890625048.0,9.360997403563771e-25,1.355031839581765e-24
2477578125000048.5,7.062208396564196e-25,8.58566245440447e-25
2487568359375048.5,1.1420224155436547e-24,5.552317519023154e-25
2497558593750049.0,3.811101265392269e-25,3.5691267703545092e-25
2507548828125049.0,6.229256951468967e-26,2.1741158147879794e-25
2517539062500049.0,5.4498698638346735e-25,1.4754826051323682e-25
2527529296875049.5,2.5868751786065925e-25,9.19224294069301e-26
2537519531250049.5,1.0061193592283353e-25,5.258958071163145e-26
2547509765625050.0,4.705208593447336e-25,4.096791066164357e-26
2557500000000050.0,2.1814267979121097e-25,2.1676652452729592e-26
2567490234375050.0,1.8545630279698122e-25,1.3310598526293053e-26
2577480468750050.5,2.914535162498988e-25,1.1176779807117709e-26
2587470703125050.5,9.194040332452153e-26,4.55712676492944e-27
2597460937500051.0,8.960975175682792e-26,3.873342227318023e-27
2607451171875051.0,3.495546335296555e-26,2.5694915001758843e-27
2617441406250051.0,5.810631384234219e-27,1.0775234969748665e-27
2627431640625051.5,9.047296029518725e-27,1.0404081466420722e-27
2637421875000051.5,2.4784491573744872e-26,5.46777642974087e-28
2647412109375052.0,7.092942080617953e-26,2.8367045174062994e-28
2657402343750052.0,1.073966412783887e-25,2.4778956447959296e-28
2667392578125052.0,1.736844019223741e-25,1.1733527506598834e-28
2677382812500052.5,2.2193554338319647e-25,8.755768366291901e-29
2687373046875052.5,2.587752578131237e-25,3.268278146823146e-29
2697363281250052.5,2.545590809492913e-25,6.027025517284576e-29
2707353515625053.0,2.171714961228947e-25,7.318342454769542e-30
2717343750000053.0,1.9785776190314653e-25,3.059990945566144e-29
2727333984375053.5,1.6157140802766663e-25,2.3787077960173047e-29
2737324218750053.5,1.1416559051805992e-25,9.436899824630152e-30
2747314453125053.5,6.7656825243616e-26,3.611741178114484e-29
2757304687500054.0,3.5238260238801834e-26,1.4282220473199928e-29
2767294921875054.0,1.3541878574557892e-26,4.1413596630381804e-29
2777285156250054.5,1.2790756867212651e-27,3.9758313698354543e-29
2787275390625054.5,1.6714300166757667e-27,5.076126884073449e-29
2797265625000054.5,1.072320205067552e-26,6.219646097715657e-29
2807255859375055.0,2.909415390293338e-26,5.558089027252936e-29
2817246093750055.0,4.584825972958977e-26,5.901958247313249e-29
2827236328125055.5,6.638694529460308e-26,4.1045840251714965e-29
2837226562500055.5,7.57342521838789e-26,3.057203619571609e-29
2847216796875055.5,8.61210519295321e-26,1.678190200966036e-29
2857207031250056.0,1.1382678640405568e-25,8.834534027389199e-30
2867197265625056.0,1.108054479577807e-25,7.353079741993964e-30
2877187500000056.0,1.0999311016964223e-25,8.635628927507002e-30
2887177734375056.5,1.0903025019623328e-25,1.3176808698849852e-29
2897167968750056.5,1.0319572591273447e-25,1.4975259691569255e-29
2907158203125057.0,1.1492315854088504e-25,1.169114498236083e-29
2917148437500057.0,1.0139022318923843e-25,5.40324092110874e-30
2927138671875057.0,8.683599479460007e-26,1.2135296846959548e-30
2937128906250057.5,8.270942597572618e-26,5.304641634227193e-30
2947119140625057.5,7.547553672044692e-26,1.9603510217789043e-29
2957109375000058.0,9.106292134648366e-26,4.019817080555352e-29
2967099609375058.0,6.579258132710374e-26,6.074403422701225e-29
2977089843750058.0,5.363040143467096e-26,7.288181738772035e-29
2987080078125058.5,5.50661450472212e-26,7.521276852432955e-29
2997070312500058.5,5.418180374530745e-26,6.745014147515204e-29
3007060546875059.0,6.352688019152324e-26,5.524961740764007e-29
3017050781250059.0,6.270602233336792e-26,3.9731265259366734e-29
3027041015625059.0,7.884827194368005e-26,2.6844035081527455e-29
3037031250000059.5,9.506721443625164e-26,1.7481653564098166e-29
3047021484375059.5,1.176078423024742e-25,1.1429022570466505e-29
3057011718750060.0,1.5840335757395142e-25,8.82539463195133e-30
3067001953125060.0,1.6509202808468958e-25,8.013239890468564e-30
3076992187500060.0,1.6387670323306673e-25,9.310541046211188e-30
3086982421875060.5,1.5377022795106727e-25,1.0983202102551329e-29
3096972656250060.5,1.6268352762184409e-25,1.3187616697604174e-29
3106962890625060.5,1.2517813396471865e-25,1.4605761234155823e-29
3116953125000061.0,1.2276396936776203e-25,1.5219416175709682e-29
3126943359375061.0,8.193082328444168e-26,1.5458699579710005e-29
3136933593750061.5,4.070981348666532e-26,1.4939915639502491e-29
3146923828125061.5,3.621277735279142e-26,1.3533283043729293e-29
3156914062500061.5,1.7082624728510176e-26,1.2123768314954938e-29
3166904296875062.0,2.5644799814465646e-26,1.0794498236581104e-29
3176894531250062.0,5.825072843027343e-26,9.09938688107409e-30
3186884765625062.5,8.705511694685687e-26,6.743887840276596e-30
3196875000000062.5,1.6196418369925202e-25,4.982752885361591e-30
3206865234375062.5,2.2571741300362574e-25,3.674567885259352e-30
3216855468750063.0,2.625774791323685e-25,3.2675803672544445e-30
3226845703125063.0,3.1972599729423176e-25,3.644011587026734e-30
3236835937500063.5,3.699310353248171e-25,4.600642725892952e-30
3246826171875063.5,3.9230110156499934e-25,5.966318694807662e-30
3256816406250063.5,3.54419339553075e-25,7.29225156654858e-30
3266806640625064.0,3.5751618959637437e-25,8.91777457919881e-30
3276796875000064.0,3.214277584271226e-25,1.0957386154649551e-29
3286787109375064.5,2.5699621634166256e-25,1.3097398350107562e-29
3296777343750064.5,1.9468078493566353e-25,1.474817794932053e-29
3306767578125064.5,1.4613770124425258e-25,1.891608357421143e-29
3316757812500065.0,9.657156695830936e-26,2.3231357210187596e-29
3326748046875065.0,4.549808006247874e-26,3.065561805274952e-29
3336738281250065.0,1.4939126833560757e-26,3.869583053660058e-29
3346728515625065.5,5.113881760794507e-27,4.735489575614328e-29
3356718750000065.5,5.800582000852255e-28,5.548353473506589e-29
3366708984375066.0,5.9703617774307664e-27,6.025759843746243e-29
3376699218750066.0,1.8402671566929113e-26,5.987996316870611e-29
3386689453125066.0,3.551133013668782e-26,5.387161652786517e-29
3396679687500066.5,5.520466854781995e-26,4.528897523635634e-29
3406669921875066.5,7.606221132409219e-26,3.3965605594063675e-29
3416660156250067.0,9.492181363190414e-26,2.5185832093696393e-29
3426650390625067.0,1.0269413557630483e-25,1.6982305060247102e-29
3436640625000067.0,1.0375293364789406e-25,1.2800386959778225e-29
3446630859375067.5,9.998270145514414e-26,1.1114433961110402e-29
3456621093750067.5,9.378876323302341e-26,1.1959382446181943e-29
3466611328125068.0,8.369609420798218e-26,1.2775481159139973e-29
3476601562500068.0,6.387490853270478e-26,1.3931790667536112e-29
3486591796875068.0,5.851139533579494e-26,1.324817941343103e-29
3496582031250068.5,5.082359463776181e-26,1.2380524650274746e-29
3506572265625068.5,4.703650596093972e-26,1.1899417014496774e-29
3516562500000069.0,3.6362237217755984e-26,1.3236963744548255e-29
3526552734375069.0,2.9348447324617934e-26,1.5985305097963422e-29
3536542968750069.0,2.844526079731518e-26,1.9922592679258782e-29
3546533203125069.5,1.8393180033759306e-26,2.3068782155240985e-29
3556523437500069.5,2.180427086823666e-26,2.651919783475607e-29
3566513671875069.5,2.880591394426659e-26,2.8825823863642564e-29
3576503906250070.0,5.1433637832026194e-26,3.081877143043649e-29
3586494140625070.0,6.141548529322613e-26,3.3211965737064855e-29
3596484375000070.5,8.384187045063854e-26,3.550375446941581e-29
3606474609375070.5,1.0862261708286148e-25,3.7235679385592157e-29
3616464843750070.5,1.361636144310335e-25,3.908021606422802e-29
3626455078125071.0,1.2664287638111022e-25,4.087351903648814e-29
3636445312500071.0,1.1344925969404944e-25,4.251310192821965e-29
3646435546875071.5,1.0351330637995296e-25,4.601280777047483e-29
3656425781250071.5,9.471847019314572e-26,5.198947939040505e-29
3666416015625071.5,7.958113817210497e-26,5.899214295524241e-29
3676406250000072.0,7.027218313878346e-26,7.180227607530085e-29
3686396484375072.0,8.921283393409477e-26,8.475607025248585e-29
3696386718750072.5,1.126245070715812e-25,9.740241478791297e-29
3706376953125072.5,1.4312029218966695e-25,1.0472170531274868e-28
3716367187500072.5,1.8046677449560063e-25,1.0252964407065804e-28
3726357421875073.0,2.1325638784517765e-25,8.909228675622366e-29
3736347656250073.0,2.5500987651373923e-25,6.70395228487937e-29
3746337890625073.0,2.8345524415486073e-25,4.2315941277259204e-29
3756328125000073.5,3.127623167402077e-25,2.2380251602580083e-29
3766318359375073.5,3.409834096459339e-25,9.680981055709079e-30
3776308593750074.0,3.329184927522469e-25,4.551087103534314e-30
3786298828125074.0,3.754140577502144e-25,3.985553828364014e-30
3796289062500074.0,4.071573382827518e-25,4.30167831122731e-30
3806279296875074.5,4.373682775136095e-25,4.272006088331393e-30
3816269531250074.5,4.627728529856343e-25,3.0358080483533452e-30
3826259765625075.0,4.611664385929282e-25,2.1317503573751386e-30
3836250000000075.0,4.780008617177849e-25,2.649950309220948e-30
3846240234375075.0,4.686857762961283e-25,5.393924968452666e-30
3856230468750075.5,4.787795117027843e-25,9.880790597884837e-30
3866220703125075.5,4.606118857912738e-25,1.5105299593319692e-29
3876210937500076.0,4.802024693763218e-25,1.9911079370537445e-29
3886201171875076.0,4.388126055766762e-25,2.3457159319399536e-29
3896191406250076.0,3.9787319067084457e-25,2.698817921012457e-29
3906181640625076.5,3.7241682954839565e-25,3.18052265690503e-29
3916171875000076.5,3.1895395510238663e-25,3.938466752698659e-29
3926162109375077.0,2.7338642925770088e-25,4.846588133995922e-29
3936152343750077.0,2.2164859680399765e-25,5.520884954301312e-29
3946142578125077.0,1.8682345755005532e-25,5.887938944519779e-29
3956132812500077.5,1.342989026660979e-25,5.912847996973549e-29
3966123046875077.5,1.03487160335944e-25,5.604659722298669e-29
3976113281250077.5,8.34662031332228e-26,5.460584202084613e-29
3986103515625078.0,6.35573064059379e-26,5.185982603378679e-29
3996093750000078.0,4.995919385949765e-26,4.916278467526941e-29
4006083984375078.5,3.973546604116778e-26,4.3001017781058335e-29
4016074218750078.5,3.3999777568438417e-26,3.424947662448858e-29
4026064453125078.5,3.3770033753368707e-26,2.407144157734388e-29
4036054687500079.0,2.759991824334555e-26,1.3950675667744384e-29
4046044921875079.0,3.0268642900883765e-26,7.176196119101741e-30
4056035156250079.5,3.535479898807732e-26,3.670352676863598e-30
4066025390625079.5,3.1244194046700727e-26,2.7481105946424177e-30
4076015625000079.5,2.968146636058702e-26,3.006795326697208e-30
4086005859375080.0,3.1641590734342924e-26,3.123403834063408e-30
4095996093750080.0,3.4552108340415224e-26,2.7528547594739186e-30
4105986328125080.5,4.5230453055615295e-26,2.055720619098478e-30
4115976562500080.5,6.300025479671742e-26,1.029284600232379e-30
4125966796875080.5,9.40545278622454e-26,2.4996533906303437e-31
4135957031250081.0,1.1631849553039147e-25,4.226330442718551e-31
4145947265625081.0,1.6319457097157844e-25,1.7024768229695114e-30
4155937500000081.0,2.0134006630874229e-25,4.426475144212264e-30
4165927734375081.5,2.556383499999365e-25,7.727413949288647e-30
4175917968750081.5,3.278640435870679e-25,1.0160978856965847e-29
4185908203125082.0,3.614391350082478e-25,1.2241976060980018e-29
4195898437500082.0,4.255967350061818e-25,1.2316134694099528e-29
4205888671875082.0,4.573713105581659e-25,1.1638714967104314e-29
4215878906250082.5,4.995410206199644e-25,1.074599890685703e-29
4225869140625082.5,4.896751781218491e-25,8.670795447898784e-30
4235859375000083.0,4.765913077632544e-25,6.546388254267493e-30
4245849609375083.0,4.646937152658146e-25,4.508205894441503e-30
4255839843750083.0,4.272881272026567e-25,2.5061284129103807e-30
4265830078125083.5,4.007683484626045e-25,1.505573187878566e-30
4275820312500083.5,3.4917164319525968e-25,1.4009062525735396e-30
4285810546875084.0,3.0069469103153578e-25,2.2222762350994673e-30
4295800781250084.0,2.5797798595411378e-25,3.163833059913603e-30
4305791015625084.0,2.155070747099808e-25,4.192064820352049e-30
4315781250000084.5,1.8685023727816756e-25,4.7215785435334345e-30
4325771484375084.5,1.5236583597373028e-25,4.716079737149654e-30
4335761718750085.0,1.2301054511689432e-25,4.4178927399382706e-30
4345751953125085.0,1.051525105659609e-25,3.8233769628451936e-30
4355742187500085.0,1.0708704561961273e-25,2.8980605782645273e-30
4365732421875085.5,1.124589649191806e-25,2.2196974845194888e-30
4375722656250085.5,1.2997594821338936e-25,1.4177439769486962e-30
4385712890625085.5,1.6120325680727497e-25,1.058227660380388e-30
4395703125000086.0,2.1357660610424613e-25,8.751065938763703e-31
4405693359375086.0,2.3208898167591344e-25,7.426801670339244e-31
4415683593750086.5,3.012940707671711e-25,9.398787407970172e-31
4425673828125086.5,3.256373191149885e-25,1.3427705961160742e-30
4435664062500086.5,3.361278304089275e-25,2.390805170061618e-30
4445654296875087.0,3.3069274576757955e-25,3.92698205967611e-30
4455644531250087.0,3.413903531823428e-25,5.6162153807728794e-30
4465634765625087.5,3.003767003273443e-25,6.147741382669708e-30
4475625000000087.5,2.3383590794603026e-25,6.33947907285167e-30
4485615234375087.5,2.1452575646251364e-25,5.8202400590123876e-30
4495605468750088.0,1.4971612253384857e-25,4.75764312885049e-30
4505595703125088.0,9.513465428418249e-26,4.147844462290773e-30
4515585937500088.0,5.983267144133792e-26,3.5580690355285395e-30
4525576171875088.0,2.044801449089039e-26,3.4324687131625096e-30
4535566406250089.0,3.3968485618084315e-26,3.264394851832118e-30
4545556640625089.0,4.644788145145989e-26,3.964554668942168e-30
4555546875000089.0,7.290368534768097e-26,5.594523537658939e-30
4565537109375089.0,1.2257105117328316e-25,7.620966419890596e-30
4575527343750089.0,1.851029721974503e-25,9.72340659862634e-30
4585517578125090.0,2.384876272781194e-25,1.4346954697317927e-29
4595507812500090.0,2.7939249355708354e-25,1.8305488528796138e-29
4605498046875090.0,3.1893510998756223e-25,2.3076480484178276e-29
4615488281250090.0,3.628352610424842e-25,2.7584136497981405e-29
4625478515625090.0,4.141812376628765e-25,3.0023331164220275e-29
4635468750000091.0,4.663143244131404e-25,3.190627416123663e-29
4645458984375091.0,4.813971114552111e-25,3.224727600263619e-29
4655449218750091.0,5.156631623005011e-25,2.869284755616173e-29
4665439453125091.0,5.124373892311122e-25,2.559008916991074e-29
4675429687500091.0,4.911475117888858e-25,2.22149123308468e-29
4685419921875092.0,4.718144684658733e-25,1.936854053258979e-29
4695410156250092.0,4.351210444646789e-25,1.835236111286751e-29
4705400390625092.0,3.33404172503811e-25,1.651386364055314e-29
4715390625000092.0,2.5532780260039185e-25,1.5647858519311996e-29
4725380859375092.0,1.995961517165269e-25,1.468188889029401e-29
4735371093750093.0,1.3163503131100676e-25,1.2873729660097036e-29
4745361328125093.0,8.667017135818343e-26,1.1194811341320184e-29
4755351562500093.0,4.937200870886117e-26,8.769572266455318e-30
4765341796875093.0,2.2183910071060878e-26,7.363698126735053e-30
4775332031250093.0,8.335329478260751e-27,6.327950540847056e-30
4785322265625094.0,1.563728632180076e-26,5.497896236515023e-30
4795312500000094.0,3.2937689946748e-26,5.725584743606103e-30
4805302734375094.0,5.518672827617537e-26,5.976785388338164e-30
4815292968750094.0,7.153263177202788e-26,6.340123760496663e-30
4825283203125094.0,9.984551332520465e-26,7.077343043949455e-30
4835273437500095.0,1.141575273131991e-25,7.954620718277353e-30
4845263671875095.0,1.2861810743798047e-25,8.999204909725836e-30
4855253906250095.0,1.2012926533799907e-25,9.827627941000264e-30
4865244140625095.0,1.310152572028072e-25,8.502595735822207e-30
4875234375000095.0,1.4250369908465572e-25,6.483282340488139e-30
4885224609375096.0,1.4799292438542713e-25,3.214033369917237e-30
4895214843750096.0,1.4157150048434647e-25,7.402531076645325e-31
4905205078125096.0,1.4659640444403886e-25,5.400207096896999e-32
4915195312500096.0,1.6339363199501224e-25,1.399351417665023e-30
4925185546875096.0,1.6519012854707573e-25,4.160586523980082e-30
4935175781250096.0,1.693268848984815e-25,7.289066051126252e-30
4945166015625097.0,1.6014470128319898e-25,1.0660251515211616e-29
4955156250000097.0,1.3949615036637354e-25,1.4465273841575782e-29
4965146484375097.0,1.370266747587213e-25,1.8880701599342017e-29
4975136718750097.0,1.1587756903614088e-25,2.2486705057416044e-29
4985126953125097.0,9.71623524285029e-26,2.528328421579787e-29
4995117187500098.0,6.160019156957071e-26,2.5228068615144208e-29
5005107421875098.0,5.341299803640456e-26,2.3839790655852033e-29
5015097656250098.0,3.5596466152936344e-26,2.1392708046662635e-29
5025087890625098.0,2.1915388180124184e-26,1.777820988079574e-29
5035078125000098.0,7.208080968501499e-27,1.4655798002073046e-29
5045068359375099.0,7.872785185883882e-27,1.1115931911814947e-29
5055058593750099.0,8.733117096310739e-27,8.159773599895602e-30
5065048828125099.0,1.6271420203414487e-26,4.301962732247161e-30
5075039062500099.0,1.931795717601028e-26,1.7990577575617533e-30
5085029296875099.0,3.651526769960734e-26,3.209786016020801e-31
5095019531250100.0,4.641393149702159e-26,1.0254325835680819e-30
